210101099;2;1;1;2;0;0;0;1;0;0;0;7
210101111;2;0;0;1;0;0;0;0;0;0;0;3
210101116;3;4;1;4;0;0;4;3;4;4;0;27
210102029;3;1;1;2;1;0;4;4;4;4;0;24
210102046;2;0;0;1;0;0;0;0;0;0;0;3
210103082;2;1;0;2;0;0;0;0;0;0;0;5
210103087;3;0;0;2;0;0;0;0;0;0;0;5
210103092;2;0;0;1;1;0;0;0;0;0;0;4
210103125;2;0;0;2;0;0;4;4;1;0;0;13
210103127;2;1;0;2;0;0;1;1;0;0;0;7
210104009;2;1;0;1;0;0;4;0;0;0;0;8
210104053;2;0;0;1;0;3;4;0;0;0;0;10
210107001;2;0;0;0;0;0;0;0;0;0;0;2
210107016;1;0;1;2;0;0;0;0;0;0;0;4
210107023;2;0;0;2;0;0;0;0;0;0;0;4
210107034;0;0;0;0;0;0;0;0;0;0;0;0
210107044;1;0;0;2;0;0;0;0;1;0;0;4
210107067;2;0;0;2;0;0;0;0;0;0;0;4
210107069;2;0;0;1;0;0;0;0;0;0;0;3
210107071;2;0;0;1;0;0;0;0;1;0;0;4
210107099;3;0;0;2;0;0;4;1;0;0;0;10
210108026;2;1;1;2;0;1;4;1;4;0;0;16
210121069;3;1;2;2;1;0;4;3;4;1;0;21
220101035;3;1;1;2;0;0;4;1;2;0;0;14
220123012;4;4;4;0;1;0;4;0;4;0;0;21
