210101099;01;2
210101099;02;1
210101099;03;1
210101099;04;2
210101099;05;0
210101099;06;0
210101099;07;0
210101099;08;1
210101099;09;0
210101099;10;0
210101099;11;0
210101111;01;2
210101111;02;0
210101111;03;0
210101111;04;1
210101111;05;0
210101111;06;0
210101111;07;0
210101111;08;0
210101111;09;0
210101111;10;0
210101111;11;0
210101116;01;3
210101116;02;4
210101116;03;1
210101116;04;4
210101116;05;0
210101116;06;0
210101116;07;4
210101116;08;3
210101116;09;4
210101116;10;4
210101116;11;0
210102029;01;3
210102029;02;1
210102029;03;1
210102029;04;2
210102029;05;1
210102029;06;0
210102029;07;4
210102029;08;4
210102029;09;4
210102029;10;4
210102029;11;0
210102046;01;2
210102046;02;0
210102046;03;0
210102046;04;1
210102046;05;0
210102046;06;0
210102046;07;0
210102046;08;0
210102046;09;0
210102046;10;0
210102046;11;0
210103082;01;2
210103082;02;1
210103082;03;0
210103082;04;2
210103082;05;0
210103082;06;0
210103082;07;0
210103082;08;0
210103082;09;0
210103082;10;0
210103082;11;0
210103087;01;3
210103087;02;0
210103087;03;0
210103087;04;2
210103087;05;0
210103087;06;0
210103087;07;0
210103087;08;0
210103087;09;0
210103087;10;0
210103087;11;0
210103092;01;2
210103092;02;0
210103092;03;0
210103092;04;1
210103092;05;1
210103092;06;0
210103092;07;0
210103092;08;0
210103092;09;0
210103092;10;0
210103092;11;0
210103125;01;2
210103125;02;0
210103125;03;0
210103125;04;2
210103125;05;0
210103125;06;0
210103125;07;4
210103125;08;4
210103125;09;1
210103125;10;0
210103125;11;0
210103126;01;0
210103126;02;0
210103126;03;0
210103126;04;0
210103126;05;0
210103126;06;0
210103126;07;0
210103126;08;0
210103126;09;0
210103126;10;0
210103126;11;0
210103127;01;2
210103127;02;1
210103127;03;0
210103127;04;2
210103127;05;0
210103127;06;0
210103127;07;1
210103127;08;1
210103127;09;0
210103127;10;0
210103127;11;0
210104009;01;2
210104009;02;1
210104009;03;0
210104009;04;1
210104009;05;0
210104009;06;0
210104009;07;4
210104009;08;0
210104009;09;0
210104009;10;0
210104009;11;0
210104053;01;2
210104053;02;0
210104053;03;0
210104053;04;1
210104053;05;0
210104053;06;3
210104053;07;4
210104053;08;0
210104053;09;0
210104053;10;0
210104053;11;0
210107001;01;2
210107001;02;0
210107001;03;0
210107001;04;0
210107001;05;0
210107001;06;0
210107001;07;0
210107001;08;0
210107001;09;0
210107001;10;0
210107001;11;0
210107016;01;1
210107016;02;0
210107016;03;1
210107016;04;2
210107016;05;0
210107016;06;0
210107016;07;0
210107016;08;0
210107016;09;0
210107016;10;0
210107016;11;0
210107023;01;2
210107023;02;0
210107023;03;0
210107023;04;2
210107023;05;0
210107023;06;0
210107023;07;0
210107023;08;0
210107023;09;0
210107023;10;0
210107023;11;0
210107034;01;0
210107034;02;0
210107034;03;0
210107034;04;0
210107034;05;0
210107034;06;0
210107034;07;0
210107034;08;0
210107034;09;0
210107034;10;0
210107034;11;0
210107044;01;1
210107044;02;0
210107044;03;0
210107044;04;2
210107044;05;0
210107044;06;0
210107044;07;0
210107044;08;0
210107044;09;1
210107044;10;0
210107044;11;0
210107067;01;2
210107067;02;0
210107067;03;0
210107067;04;2
210107067;05;0
210107067;06;0
210107067;07;0
210107067;08;0
210107067;09;0
210107067;10;0
210107067;11;0
210107069;01;2
210107069;02;0
210107069;03;0
210107069;04;1
210107069;05;0
210107069;06;0
210107069;07;0
210107069;08;0
210107069;09;0
210107069;10;0
210107069;11;0
210107071;01;2
210107071;02;0
210107071;03;0
210107071;04;1
210107071;05;0
210107071;06;0
210107071;07;0
210107071;08;0
210107071;09;1
210107071;10;0
210107071;11;0
210107099;01;3
210107099;02;0
210107099;03;0
210107099;04;2
210107099;05;0
210107099;06;0
210107099;07;4
210107099;08;1
210107099;09;0
210107099;10;0
210107099;11;0
210108026;01;2
210108026;02;1
210108026;03;1
210108026;04;2
210108026;05;0
210108026;06;1
210108026;07;4
210108026;08;1
210108026;09;4
210108026;10;0
210108026;11;0
210121069;01;3
210121069;02;1
210121069;03;2
210121069;04;2
210121069;05;1
210121069;06;0
210121069;07;4
210121069;08;3
210121069;09;4
210121069;10;1
210121069;11;0
220101035;01;3
220101035;02;1
220101035;03;1
220101035;04;2
220101035;05;0
220101035;06;0
220101035;07;4
220101035;08;1
220101035;09;2
220101035;10;0
220101035;11;0
220121073;01;0
220121073;02;0
220121073;03;0
220121073;04;0
220121073;05;0
220121073;06;0
220121073;07;0
220121073;08;0
220121073;09;0
220121073;10;0
220121073;11;0
220123012;01;4
220123012;02;4
220123012;03;4
220123012;04;0
220123012;05;1
220123012;06;0
220123012;07;4
220123012;08;0
220123012;09;4
220123012;10;0
220123012;11;0
